号
2000_2
2000_4
2000_5
2000_7
2000_9
2000_10
2000_11
2001_1
2001_2
2001_3
2001_10
2001_12
2002_6
2003_1
2003_2
2003_3
2003_4
2003_5
2003_6
2003_7
2003_9
2003_10
2004_3
2004_8
2004_11
2005_2
2005_7
2005_8
2005_11
2006_2
2006_3
2006_4
2006_5
2006_6
2006_8
2006_9
2006_11
2007_1
